1 32.2063 16.7482
2 32.2063 16.7073
3 32.1879 16.7073
4 32.1879 16.7073
5 32.1264 16.6667
6 32.1634 16.6667
7 14.4907 80.2326
8 32.2414 16.4619
9 32.2971 16.3793
10 32.0068 16.3017
11 31.9705 16.2621
12 31.9705 16.2621
13 31.9523 16.2621
14 31.9523 16.2621
15 31.9523 16.2621
16 31.9523 16.2621
17 31.9523 16.2621
18 31.9705 16.2621
19 31.9705 16.3017
20 31.9705 16.3017
21 31.9705 16.3017
22 31.9342 16.3017
23 31.9342 16.3017
24 31.9342 16.3017
25 31.898 16.2228
26 32.396 16.506
27 32.3761 16.3855
28 32.3761 16.3855
29 32.3761 16.3855
30 32.3761 16.3855
31 32.3761 16.3855
32 32.3761 16.3855
33 32.3761 16.3855
34 32.3761 16.3855
35 32.3034 16.3462
36 32.3034 16.3462
37 32.3397 16.3462
38 32.3397 16.3462
39 32.3397 16.3462
40 29.23 14.1237
41 28.9804 13.9939
42 28.9804 13.9939
43 28.9804 13.9939
44 28.9804 13.9939
45 28.9804 13.9653
46 28.9804 13.9653
47 28.9804 13.9653
48 28.9659 13.9653
49 28.9659 13.9653
50 28.9659 13.9653
51 28.995 13.9653
52 29.0534 13.9653
53 28.8977 13.7412
54 28.1485 13.3938
55 28.1768 13.3938
56 28.1768 13.3938
57 28.1768 13.3938
58 28.1768 13.3938
59 28.1768 13.3938
60 28.1768 13.3938
61 28.1768 13.3938
62 28.1768 13.3938
63 28.1768 13.3938
64 28.1768 13.3938
65 28.1768 13.3938
66 28.1768 13.3938
67 28.1768 13.3938
68 28.1768 13.3938
69 28.1768 13.3938
70 28.1768 13.3938
71 28.1768 13.3938
72 28.1768 13.3938
73 28.1768 13.3938
74 28.1768 13.3938
75 28.1768 13.3938
76 28.1768 13.3938
77 28.1768 13.3938
78 28.1768 13.3938
79 28.1768 13.3938
80 28.1627 13.3668
81 28.1485 13.3668
82 28.1344 13.3668
83 28.05 13.3133
84 29.8411 14.4008
85 29.8411 14.4008
86 29.8411 14.4008
87 29.8411 14.4008
88 29.8759 14.4008
89 29.7015 14.2281
90 29.5761 14.2142
91 32.5061 14.6146
92 29.3428 14.6146
93 29.0174 14.1271
94 29.2419 14.1557
95 28.6024 14.2264
96 28.6255 14.2264
97 28.9195 14.3579
98 28.9195 14.3579
99 28.9195 14.3579
100 28.8818 14.3579
101 27.0933 13.9535
102 28.6604 14.639
103 28.6604 14.6101
104 28.6604 14.6101
105 28.4389 14.524
106 28.3805 14.524
107 28.2064 14.4109
108 28.2064 14.4109
109 28.1489 14.4109
110 28.1489 14.4109
111 28.1776 14.4109
112 28.1776 14.4109
113 28.1489 14.4109
114 28.1059 14.3272
115 28.0916 14.3272
116 28.063 14.3272
117 28.063 14.3272
118 28.063 14.3272
119 28.063 14.3272
120 28.063 14.3272
121 28.063 14.3272
122 28.063 14.3272
123 28.063 14.3272
124 28.063 14.3272
125 28.063 14.3272
126 28.063 14.3272
127 28.1489 14.3272
128 26.9455 13.4423
129 26.9455 13.4423
130 26.9455 13.4423
131 26.9455 13.4423
132 26.9455 13.4423
133 26.9455 13.4423
134 26.9455 13.4423
135 26.9193 13.4423
136 26.9548 13.4423
137 26.9548 13.4423
138 26.3364 13.1072
139 26.3235 13.1072
140 26.3235 13.1989
141 26.3235 13.1989
142 26.3235 13.1989
143 25.8671 13.0553
144 25.8671 13.0317
145 25.7678 12.9847
146 25.743 12.9847
147 25.743 12.9847
148 25.743 12.9613
149 25.7307 12.938
150 25.7307 12.938
151 25.7307 12.938
152 25.7307 12.938
153 25.608 12.9148
154 25.4865 12.8457
155 25.4502 12.8457
156 25.4502 12.8457
157 25.4502 12.8457
158 25.4502 12.8457
159 25.6495 12.9118
160 25.6495 12.9118
161 25.6495 12.9118
162 25.6495 12.9118
163 25.6495 12.9118
164 25.6495 12.9118
165 25.5049 12.7753
166 25.5049 12.7753
167 25.5049 12.7753
168 25.5049 12.7753
169 25.5049 12.7753
170 25.5049 12.7753
171 25.5049 12.7753
172 25.5049 12.7753
173 25.5049 12.7753
174 25.5049 12.7753
175 25.5049 12.7753
176 25.469 12.7417
177 25.469 12.7417
178 25.469 12.7417
179 25.469 12.7417
180 25.469 12.7193
181 25.4452 12.697
182 25.4213 12.6527
183 25.4213 12.6527
184 24.9541 12.2157
185 24.9198 12.1951
186 24.9198 12.1951
187 24.9198 12.1951
188 24.9198 12.1951
189 24.9084 12.1542
190 24.9084 12.1746
191 24.9084 12.1746
192 24.9084 12.1542
193 24.897 12.1542
194 24.897 12.1542
195 24.897 12.1542
196 24.897 12.1542
197 24.8856 12.1339
198 24.8629 12.1339
199 24.8629 12.1339
200 24.8629 12.1339
201 24.8629 12.1339
202 24.8629 12.1339
203 24.8515 12.1339
204 24.8515 12.1339
205 24.8515 12.1339
206 24.8515 12.1339
207 24.8515 12.1339
208 24.8515 12.1339
209 24.8515 12.1339
210 24.8515 12.1339
211 24.8515 12.1339
212 24.8515 12.1339
213 24.8402 12.1339
214 24.8402 12.1339
215 24.8402 12.1339
216 24.8402 12.1339
217 24.8402 12.1339
218 24.7273 12.0733
219 24.7273 12.0733
220 24.7273 12.0733
221 24.7273 12.0733
222 24.7273 12.0733
223 24.6265 12.0133
224 24.6265 12.0133
225 24.582 12.0133
226 24.5266 12.0133
227 24.4935 12.0133
228 24.4935 12.0133
229 24.4604 11.9934
230 22.2041 10.4845
231 22.2041 10.4845
232 22.1589 10.5455
233 22.3317 10.7169
234 22.4145 10.7967
235 22.4145 10.7967
236 22.1048 10.829
237 22.1048 10.829
238 22.1048 10.829
239 22.1228 10.8452
240 22.1228 10.8452
241 22.0594 10.8452
242 22.0594 10.8452
243 24.0733 11.1946
244 24.0431 11.0609
245 24.0431 11.0609
246 24.0431 11.0609
247 27.0625 13.1675
248 27.6579 14.421
249 27.6579 14.421
250 29.1811 15.4182
251 29.2879 15.3958
252 29.2655 15.3958
253 29.3196 15.3958
254 29.3196 15.3958
255 29.2925 15.2727
256 29.3736 15.446
257 29.4544 15.446
258 29.2029 15.3569
259 28.9188 15.2907
260 28.9188 15.2907
261 28.9188 15.2907
262 28.8864 15.2907
263 28.8325 15.1926
264 28.8756 15.1926
265 28.8756 15.1926
266 28.8756 15.1926
267 28.8756 15.1926
268 28.8756 15.1926
269 13.137 8.19936
270 13.137 8.19936
271 12.7561 7.55627
272 12.7501 7.55627
273 12.7442 7.53809
274 12.7442 7.53809
275 12.7442 7.53809
276 12.7442 7.53809
277 12.7442 7.53809
278 12.7442 7.53809
279 12.9123 7.53809
280 12.9456 7.76371
281 13.5553 8.43882
282 12.9456 7.76371
283 12.483 7.5845
284 12.483 7.5845
285 12.5113 7.59703
286 12.5113 7.59703
287 12.5113 7.59703
288 12.5113 7.59703
289 12.5113 7.59703
290 12.5113 7.59703
291 12.5057 7.60959
292 12.5057 7.60959
293 12.5057 7.60959
294 12.5569 7.6222
295 12.5569 7.6222
296 12.5455 7.60959
297 12.5455 7.60959
298 12.517 7.57202
299 12.5113 7.57202
300 12.5113 7.57202
301 12.4943 7.55957
302 12.4943 7.55957
303 12.4943 7.55957
304 12.4943 7.55957
305 12.0629 7.33652
306 12.0524 7.33652
307 12.0524 7.33652
308 12.0855 7.33652
309 12.0855 7.33652
310 11.9518 7.26562
311 11.9518 7.26562
312 11.9518 7.26562
313 11.9518 7.26562
314 11.9518 7.26562
315 11.9518 7.26562
316 11.9518 7.26562
317 11.8336 7.34375
318 11.8336 7.34375
319 11.8336 7.34375
320 11.8336 7.34375
321 11.8336 7.34375
322 11.8336 7.34375
323 11.8336 7.34375
324 11.8336 7.34375
325 11.4847 7.87832
326 10.8297 7.33229
327 12.5545 9.05689
328 12.5545 9.20659
329 12.5545 9.20659
330 12.5545 9.19283
331 12.5816 9.25373
332 12.5545 9.25373
333 12.6095 9.33735
334 12.6205 9.37973
335 12.6205 9.37973
336 12.6205 9.37973
337 12.6205 9.37973
338 12.6205 9.37973
339 12.6205 9.37973
340 12.6095 9.36556
341 12.6095 9.36556
342 12.5436 9.33735
343 12.5381 9.33735
344 12.5381 9.33735
345 12.5381 9.33735
346 12.5545 9.33735
347 12.5545 9.33735
348 12.5709 9.35143
349 12.6571 9.5952
350 12.6243 9.58084
351 12.5916 9.55224
352 12.57 9.538
353 12.57 9.538
354 12.57 9.52381
355 12.57 9.52381
356 12.57 9.52381
357 12.57 9.52381
358 12.57 9.52381
359 12.5754 9.55224
360 12.5161 9.47446
361 12.5161 9.47446
362 12.5161 9.47446
363 12.5161 9.47446
364 12.5268 9.47446
365 12.5268 9.47446
366 12.5268 9.47446
367 12.5214 9.44649
368 12.5214 9.44649
369 12.5214 9.44649
370 12.5591 9.41869
371 12.5591 9.41869
372 12.5591 9.41869
373 12.5591 9.41869
374 12.5591 9.41869
375 12.5591 9.41869
376 12.5214 9.37729
377 12.5214 9.37729
378 12.5214 9.37729
379 12.5214 9.37729
380 12.4573 9.33625
381 12.4573 9.33625
382 12.4627 9.33625
383 12.4627 9.33625
384 12.4627 9.33625
385 12.4414 9.33625
386 12.3729 9.32265
387 12.3624 9.30909
388 12.3624 9.30909
389 12.3676 9.30909
390 12.3572 9.30909
391 12.3519 9.30909
392 12.3519 9.30909
393 12.3519 9.30909
394 12.3519 9.30909
395 12.3519 9.30909
396 12.3519 9.30909
397 12.3519 9.30909
398 5.09659 3.47764
399 5.3432 4.11639
400 5.3432 4.11639
401 5.3432 4.11639
402 5.25906 4.07332
403 5.25906 4.07332
404 5.25906 4.07332
405 5.25906 4.07332
406 5.25906 4.07332
