1 16.9478 12.9527
2 16.9478 12.9527
3 16.9452 12.9485
4 16.9425 12.9485
5 16.9425 12.9485
6 16.9425 12.9485
7 16.9986 13.017
8 16.9986 13.017
9 16.9986 13.017
10 17.0046 13.0199
11 17.0046 13.0199
12 16.964 13.0118
13 16.9573 13.0044
14 16.9909 12.8592
15 16.9929 12.8627
16 16.9718 12.9908
17 16.9718 12.9908
18 16.9718 12.9908
19 16.981 12.995
20 16.981 12.995
21 16.981 12.995
22 16.981 12.995
23 16.981 12.995
24 16.981 12.995
25 16.981 12.995
26 16.981 12.995
27 16.981 12.995
28 16.9836 12.9992
29 16.9836 12.9992
30 16.9836 12.9992
31 16.9849 13.0034
32 16.9868 13.0076
33 16.9848 13.0069
34 16.9861 13.0096
35 16.9861 13.0096
36 17.0129 13.0096
37 16.9834 12.9771
38 16.9913 12.9668
39 16.9945 12.9668
40 16.9945 12.9668
41 16.9945 12.9668
42 16.9978 12.9668
43 16.9965 12.9668
44 16.9972 12.9668
45 16.9958 12.9654
46 16.9877 12.9615
47 16.987 12.9615
48 17.0112 12.9642
49 16.9802 12.9609
50 16.9802 12.9609
51 16.9802 12.9609
52 16.9802 12.9609
53 16.9789 12.9609
54 16.9756 12.9609
55 16.9249 12.936
56 16.9262 12.9358
57 16.9262 12.9358
58 16.9262 12.9358
59 16.9345 12.9396
60 16.9345 12.9396
61 16.9345 12.9396
62 16.9345 12.9396
63 16.9345 12.9396
64 16.8612 12.8663
65 16.8612 12.8663
66 16.8612 12.8663
67 16.8612 12.8663
68 16.8612 12.8663
69 16.8612 12.8663
70 16.8612 12.8663
71 16.8421 12.857
72 16.8421 12.857
73 16.8369 12.8541
74 16.8178 12.8512
75 16.8178 12.8512
76 16.8028 12.8462
77 16.8015 12.8455
78 16.8356 12.9059
79 16.8356 12.9059
80 16.8356 12.9059
81 16.8435 12.9117
82 17.0223 13.0178
83 17.0223 13.0178
84 17.0044 13.0141
85 17.0148 13.0265
86 17.0148 13.0265
87 17.0114 13.025
88 17.0114 13.025
89 16.9929 13.011
90 16.9929 13.011
91 16.9961 13.0207
92 16.9843 13.0106
93 16.9843 13.0106
94 16.9843 13.0106
95 16.9843 13.0106
96 16.9843 13.0106
97 16.9843 13.0106
98 16.9843 13.0106
99 16.9756 12.9942
100 16.9756 12.9942
101 16.9684 12.9877
102 16.9677 12.987
103 16.9677 12.987
104 16.9677 12.987
105 16.9651 12.9834
106 16.9651 12.9834
107 16.9683 12.9875
108 16.9683 12.9875
109 16.9683 12.9875
110 16.9689 12.9882
111 16.9689 12.9882
112 16.9715 12.9923
113 16.9824 13.0066
114 16.9797 13.0037
115 16.8663 12.9466
116 16.8701 12.9589
117 16.8701 12.9589
118 16.8701 12.9589
119 16.8701 12.9589
120 16.9161 12.9972
121 16.9186 13.0013
122 16.9186 13.0013
123 16.8804 12.9507
124 16.8804 12.9507
125 16.8791 12.9507
126 16.8791 12.9507
127 16.8791 12.9507
128 16.8791 12.9507
129 16.8791 12.9507
130 17.4557 13.2236
131 17.4524 13.2221
132 17.4524 13.2221
133 17.4524 13.2221
134 17.4524 13.2221
135 17.4881 13.2475
136 17.4881 13.2475
137 17.4881 13.2515
138 17.4881 13.2515
139 17.4875 13.25
140 17.4875 13.25
141 17.4835 13.2464
142 17.4835 13.2464
143 17.4835 13.2464
144 17.4835 13.2464
145 17.4835 13.2464
146 17.4814 13.2435
147 17.4788 13.2413
148 17.4788 13.2413
149 17.4788 13.2413
150 17.4754 13.2406
151 17.4728 13.2384
152 17.4583 13.224
153 17.4583 13.224
154 17.4583 13.224
155 17.4583 13.224
156 17.4563 13.2211
157 17.4563 13.2211
158 17.4673 13.2291
159 17.4667 13.2284
160 17.4667 13.2284
161 17.4667 13.2284
162 17.4667 13.2284
163 17.4667 13.2284
164 17.4667 13.2284
165 17.4786 13.2324
166 17.4809 13.2317
167 17.4809 13.2317
168 17.4774 13.2295
169 17.4774 13.2295
170 17.4774 13.2295
171 17.4774 13.2335
172 17.4774 13.2335
173 17.6949 13.4084
174 17.6935 13.4076
175 17.6935 13.4076
176 17.6935 13.4076
177 17.6935 13.4076
178 17.6935 13.4076
179 17.6935 13.4076
180 17.6935 13.4076
181 17.6935 13.4076
182 17.6919 13.4091
183 17.6913 13.4091
184 17.6913 13.4091
185 17.6913 13.4091
186 17.6913 13.4091
187 17.6913 13.4091
188 17.6906 13.4084
189 17.6906 13.4084
190 17.6892 13.4076
191 17.6886 13.4062
192 17.2043 13.0511
193 17.2497 13.0511
194 17.249 13.0511
195 17.29 13.0701
196 17.2961 13.0822
197 17.2961 13.0822
198 17.2961 13.0822
199 17.2941 13.0807
200 17.2941 13.0807
201 17.2941 13.0807
202 17.3357 13.0877
203 17.3357 13.0877
204 17.3397 13.106
205 17.3397 13.106
206 17.3397 13.106
207 17.3391 13.1045
208 17.3391 13.1045
209 17.3377 13.106
210 17.2451 13.0406
211 17.2398 13.0377
212 17.2398 13.0377
213 17.2398 13.0377
214 17.2398 13.0377
215 17.2398 13.0377
216 17.2448 13.0363
217 17.248 13.0363
218 17.248 13.0363
219 17.2728 13.0392
220 17.2741 13.0516
221 17.2715 13.0516
222 17.7518 13.4038
223 17.7369 13.3957
224 17.7369 13.3957
225 17.7362 13.3949
226 17.7394 13.3949
227 17.7331 13.3814
228 17.7182 13.3645
229 17.7182 13.3645
230 17.7176 13.3645
231 17.724 13.3655
232 17.724 13.3655
233 17.7191 13.3553
234 17.7191 13.3553
235 17.7191 13.3553
236 17.7191 13.3553
237 17.7191 13.3553
238 17.7403 13.3768
239 17.7403 13.3768
240 17.7403 13.3768
241 17.7255 13.3644
242 16.4517 12.5192
243 17.7645 13.3954
244 17.7645 13.3954
245 17.7645 13.3954
246 17.7669 13.3994
247 17.7669 13.3994
248 17.7642 13.3987
249 17.7642 13.3987
250 17.7642 13.3987
251 17.7642 13.3987
252 17.7635 13.3913
253 17.7667 13.3953
254 17.7667 13.3953
255 17.778 13.4063
256 17.7604 13.3953
257 17.7604 13.3953
258 17.7604 13.3953
259 17.7306 13.3876
260 17.7662 13.4193
261 17.7662 13.4193
262 17.7662 13.4193
263 17.7662 13.4193
264 17.7573 13.4182
265 17.7559 13.4168
266 17.7559 13.4168
267 17.7559 13.4168
268 17.8315 13.4565
269 17.8226 13.4605
270 17.8226 13.4605
271 17.8226 13.4605
272 17.7951 13.4313
273 17.7951 13.4313
274 17.7951 13.4313
275 17.7711 13.4138
276 17.7711 13.4138
277 17.7711 13.4138
278 17.7711 13.4138
279 17.7711 13.4138
280 17.7711 13.4138
281 17.7711 13.4138
282 17.7711 13.4138
283 17.7711 13.4138
284 17.7711 13.4138
285 17.7843 13.4164
286 17.7823 13.4142
287 17.7796 13.412
288 17.7803 13.412
289 17.7803 13.412
290 17.7789 13.412
291 17.7776 13.4105
292 17.7763 13.4098
293 17.7763 13.4098
294 17.7756 13.4098
295 17.765 13.4113
296 17.7636 13.4084
297 17.7636 13.4084
298 17.7656 13.4142
299 17.759 13.4098
300 17.7607 13.4177
301 17.7607 13.4177
302 17.7607 13.4177
303 17.7607 13.4177
304 17.7581 13.4163
305 17.7581 13.4163
306 17.727 13.3416
307 17.73 13.3416
308 17.7287 13.3488
309 17.7328 13.3474
310 17.7348 13.3474
311 17.6941 13.3107
312 17.6928 13.3107
313 17.6928 13.3107
314 17.6981 13.3107
315 17.6974 13.31
316 17.6974 13.31
317 17.6935 13.31
318 17.6935 13.314
319 17.6935 13.314
320 17.7429 13.3405
321 17.6615 13.3678
322 17.6615 13.3678
323 17.6615 13.3678
324 17.6615 13.3678
325 17.6609 13.3678
326 17.6609 13.3678
327 17.6609 13.3678
328 17.6633 13.3702
329 17.6633 13.3702
330 17.6587 13.3796
331 17.6587 13.3796
332 17.6574 13.3768
333 17.5859 13.3237
334 17.5859 13.3237
335 17.5859 13.3237
336 17.5618 13.3189
337 17.5679 13.3189
338 17.5679 13.3189
339 17.5679 13.3189
340 17.5679 13.3189
341 17.5666 13.3175
342 17.5666 13.3175
343 17.5666 13.3175
344 17.5666 13.3175
345 17.5666 13.3175
346 17.5673 13.3162
347 17.5673 13.3162
348 17.5653 13.3141
349 17.5653 13.3141
350 17.8193 13.4854
351 17.8193 13.4854
352 17.8193 13.4854
353 17.8193 13.4854
354 17.8193 13.4854
355 17.8193 13.4854
356 17.8153 13.4826
357 17.8184 13.4977
358 17.8401 13.5354
359 17.8388 13.534
360 17.8388 13.534
361 17.8388 13.534
362 17.8388 13.534
363 17.8357 13.534
364 17.8357 13.534
365 17.8337 13.5326
366 17.8278 13.5313
367 17.8285 13.5313
368 17.8278 13.5313
369 17.8271 13.5299
370 17.8271 13.5299
371 17.8271 13.5299
372 17.8252 13.5299
373 17.8258 13.5299
374 17.8179 13.5264
