1 71.8523 53.2359
2 71.8967 53.2915
3 71.9282 53.2359
4 71.8967 53.2881
5 71.9282 53.3159
6 71.9597 53.4483
7 71.9623 53.3229
8 72.0763 53.2434
9 72.3497 53.3195
10 72.6941 53.4402
11 73.0469 53.4402
12 73.0469 53.3609
13 73.0469 53.4161
14 73.107 53.516
15 73.107 53.516
16 73.0168 53.3609
17 73.0226 53.4402
18 73.0827 53.516
19 73.0526 53.5197
20 72.9412 53.492
21 73.0711 53.5197
22 73.0711 53.4643
23 73.1312 53.6232
24 73.0711 53.492
25 73.0711 53.4643
26 73.0711 53.5437
27 73.0711 53.5437
28 73.0711 53.6232
29 73.0711 53.492
30 73.0411 53.4126
31 72.9844 53.4402
32 73.0144 53.492
33 73.0226 53.5124
34 72.9949 53.4884
35 73.0249 53.4848
36 73.0919 53.7199
37 73.1218 53.7712
38 73.1518 53.9291
39 73.0919 53.7199
40 73.0919 53.7474
41 72.9738 53.5405
42 73.4844 53.8652
43 73.4844 53.8385
44 73.5138 53.8881
45 73.4844 53.9148
46 73.4844 53.8385
47 73.1901 53.6936
48 73.1901 53.6404
49 72.8141 52.8483
50 73.5882 53.7356
51 73.8919 53.8426
52 73.9777 53.9357
53 74.0137 53.9823
54 74.0423 54.3974
55 73.9565 54.186
56 73.9565 54.1609
57 74.055 54.2578
58 75.4431 54.6047
59 75.5003 54.6977
60 75.4717 54.6555
61 75.4431 54.5581
62 74.8464 54.3804
63 74.7946 54.4098
64 74.2506 54.3954
65 74.1098 54.3719
66 74.1546 54.2794
67 74.2934 54.5413
68 74.2634 54.5203
69 74.2866 54.5203
70 74.2866 54.4491
71 74.3166 54.5874
72 74.2866 54.5203
73 74.2866 54.4491
74 74.3158 54.4783
75 74.1829 54.2949
76 73.9624 54.1933
77 73.9624 54.123
78 74.0244 54.1686
79 73.864 54.1193
80 73.9531 54.326
81 73.864 54.0737
82 73.9311 54.1894
83 74.4979 54.8113
84 74.5289 54.7339
85 74.5289 54.7597
86 74.5593 54.8539
87 74.5443 54.8281
88 74.6432 54.913
89 74.5443 54.772
90 74.6355 55.0588
91 74.7573 55.0377
92 74.8786 55.2941
93 74.8868 55.0257
94 73.7515 55.0951
95 73.8124 55.1438
96 73.8124 55.1977
97 73.7211 55.0244
98 73.8124 55.1707
99 73.7515 55.122
100 73.7226 55.2195
101 73.6618 55.1707
102 74 55.345
103 74.1515 55.5718
104 74.2736 55.7982
105 74.3341 55.841
106 74.3047 55.8895
107 74.3373 55.9846
108 74.5351 56.0366
109 74.5351 56.0096
110 74.5951 56.1058
111 74.5951 56.256
112 74.5951 56.1058
113 74.5951 56.1058
114 74.5351 56.1387
115 74.5951 56.1809
116 74.2772 55.8095
117 74.2772 55.8095
118 73.7855 55.3191
119 74.8519 56.0341
120 75.1093 56.2734
121 75.2475 56.3875
122 75.1893 56.2675
123 75.2547 56.3551
124 75.16 56.1945
125 75.2182 56.3084
126 75.2182 56.3611
127 75.0725 56.4486
128 75.407 56.4667
129 75.3779 56.4199
130 75.4065 56.4871
131 75.4717 56.534
132 75.4717 56.534
133 75.4717 56.534
134 75.3846 56.3202
135 75.4717 56.534
136 75.4717 56.534
137 75.4717 56.5604
138 75.4717 56.534
139 75.435 56.534
140 75.348 56.4667
141 75.348 56.367
142 75.348 56.4607
143 75.3913 56.5278
144 75.3913 56.5278
145 75.4203 56.6214
146 75.4493 56.5949
147 75.6373 56.8957
148 75.6083 56.849
149 76.854 58.4464
150 76.765 58.3996
151 76.7206 58.3723
152 76.6541 58.2243
153 76.7986 58.2633
154 75.5992 56.9166
155 75.5992 56.8901
156 75.6133 56.8573
157 75.5556 56.6914
158 75.499 56.7907
159 75.7479 56.9094
160 75.7479 56.8362
161 75.6898 56.7895
162 75.7479 56.9561
163 75.6608 56.7429
164 75.6608 56.7164
165 75.7479 56.8362
166 75.6317 56.6496
167 75.7479 56.8362
168 75.6671 56.7832
169 75.7329 56.8829
170 75.7329 56.7164
171 75.769 56.9094
172 75.8121 56.9697
173 75.3815 56.2471
174 75.3602 56.3367
175 75.3815 56.5881
176 75.9574 57.1891
177 75.8273 57.0175
178 75.9712 57.2022
179 75.8849 57.0901
180 75.977 57.0309
181 76.0851 57.3407
182 76.0851 57.2484
183 76.0563 57.2551
184 76.0276 57.2022
185 76.0851 57.2484
186 75.9701 57.156
187 76.0276 57.1758
188 75.9701 57.2286
189 73.4739 55.0912
190 73.6127 55.2889
191 73.4202 55.0178
192 73.6973 55.2398
193 73.3407 55.0487
194 73.4237 55.1174
195 73.396 54.9801
196 73.3664 55.075
197 73.3113 54.9625
198 73.3664 55.0552
199 73.3113 54.87
200 73.3664 55.2272
201 73.3793 55.3004
202 73.3186 55.2713
203 73.3462 55.2666
204 73.4087 55.3792
205 73.4104 55.4626
206 73.7709 56.3461
207 73.9083 56.5026
208 73.9083 56.4969
209 73.8808 56.4969
210 73.8808 56.5905
211 73.9357 56.2966
212 73.8533 56.5217
213 73.9083 56.4283
214 73.8533 56.3652
215 73.888 56.3788
216 73.8605 56.3349
217 73.8331 56.4091
218 73.888 56.4474
219 74.8428 57.9271
220 73.8108 56.4417
221 73.7835 56.4474
222 73.7087 56.2856
223 73.8394 56.5577
224 73.7302 56.3834
225 73.6297 56.6391
226 73.5479 56.465
227 73.6297 56.5709
228 73.5751 56.5085
229 73.6297 56.5709
230 73.6413 56.658
231 73.5326 56.5085
232 73.567 56.5652
233 73.4855 56.3478
234 73.5941 56.5898
235 73.73 56.8943
236 73.6141 56.5274
237 73.4783 56.5331
238 73.7228 56.7015
239 73.5573 56.3392
240 73.6671 56.518
241 73.5859 56.4125
242 73.4456 56.2094
243 73.4999 56.3203
244 73.5542 56.4747
245 73.4307 56.2608
246 73.539 56.4823
247 73.6658 56.6838
248 73.704 56.6255
249 73.2496 56.258
250 73.4454 56.4831
251 73.3511 56.3136
252 0.427236 0
253 0.426667 0
254 74.387 57.4693
255 0.426439 0
256 73.8911 57.463
257 72.7949 56.1337
258 72.7683 56.1522
259 74.017 57.6451
260 73.9639 57.7542
261 74.1498 57.8858
262 74.0308 57.6078
263 72.7562 56.1708
264 72.7031 56.0152
265 72.8045 56.2263
266 72.7249 56.1418
267 72.8575 56.2025
268 72.831 56.1603
269 72.8045 56.1181
270 72.8841 56.4005
271 72.7393 56.0287
272 72.6598 55.8972
273 72.8719 56.2158
274 72.6213 55.8972
275 72.7442 56.0842
276 72.7008 56.0504
277 72.9658 56.3629
278 73.0453 56.3416
279 72.9969 55.9735
280 72.7768 55.9126
281 72.7768 55.9126
282 72.746 55.8607
283 72.7202 55.8836
284 72.4552 55.6823
285 72.6157 55.9902
286 72.4438 55.7277
287 72.5089 55.7684
288 72.4393 55.6911
289 73.4741 57.2417
290 73.5242 57.3804
291 72.2782 55.6543
292 72.1018 55.3716
293 72.1299 55.4792
294 72.2306 55.5152
295 72.2628 55.6184
296 72.3019 55.6722
297 72.0503 55.2058
298 72.1761 55.5152
299 72.1761 55.5331
300 72.2264 55.4883
301 72.2516 55.6318
302 72.1427 55.5107
303 72.0633 55.3046
304 72.2097 55.444
305 72.3999 55.3492
306 73.7397 56.9405
307 74.0787 57.2006
308 73.7869 56.9814
309 72.6613 55.5466
310 72.7114 55.3852
311 72.6613 55.4212
312 72.6158 55.4027
313 72.7 55.2354
314 72.8769 55.3786
315 72.9774 56.0351
316 71.8816 54.4762
317 71.7738 54.414
318 71.8809 54.4694
319 71.9578 54.5593
320 71.6827 54.4453
321 71.7091 54.4626
322 71.7091 54.366
323 71.6087 54.2727
324 71.7021 54.466
325 71.8122 54.5973
326 71.6955 54.428
327 71.7889 54.542
328 71.7655 54.58
329 71.7655 54.4626
330 71.6488 54.352
331 71.6021 54.2521
332 71.7188 54.3833
333 71.6488 54.328
334 71.6955 54.466
335 71.6488 54.3074
336 71.6955 54.4213
337 71.6021 54.2489
338 71.6488 54.3627
339 71.8823 54.6662
340 71.4952 54.263
341 71.7931 54.7292
342 72.7802 55.8734
343 72.3513 55.4121
344 72.3163 55.2363
345 71.2497 54.003
346 71.157 53.9479
347 71.2033 53.9479
348 71.2729 54.0612
349 71.124 53.9479
350 71.0058 53.7651
351 71.052 53.8404
352 71.0125 53.8201
353 70.2728 53.5243
354 71.9834 55.1074
355 72.1914 55.5011
356 72.2145 55.3922
357 70.92 53.6521
358 71.0125 53.8983
359 70.92 53.7128
360 70.9595 53.7476
361 71.0058 53.7825
362 71.0058 53.8983
363 71.0058 53.9216
364 71.0466 53.8288
365 71.0079 53.8175
366 70.9758 53.7746
367 71.0663 54.0179
368 71.1408 53.9807
369 71.0502 53.849
370 71.0955 53.9635
371 72.413 55.6215
372 72.4808 55.638
373 72.413 55.7
