1 76957
2 76957
3 76957
4 76957
5 76957
6 76957
7 76957
8 76957
9 76957
10 76957
11 76957
12 76957
13 76957
14 76957
15 76959
16 76959
17 76959
18 76959
19 76963
20 76963
21 76963
22 76963
23 76963
24 76974
25 76986
26 76991
27 77038
28 77147
29 77147
30 77147
31 77154
32 77252
33 77252
34 77252
35 77252
36 77252
37 77252
38 77252
39 77252
40 77252
41 77244
42 77244
43 77244
44 77244
45 77244
46 77244
47 77244
48 77244
49 77253
50 77258
51 77258
52 77280
53 77282
54 77280
55 77280
56 77280
57 77280
58 77280
59 77280
60 77286
61 77286
62 77286
63 77286
64 77286
65 77286
66 77286
67 77286
68 77286
69 77284
70 77280
71 77280
72 77280
73 77280
74 77319
75 77319
76 77319
77 77319
78 77319
79 77319
80 77319
81 77319
82 77335
83 77336
84 77337
85 77350
86 77350
87 77437
88 77437
89 77437
90 77437
91 77437
92 77435
93 77435
94 77435
95 77436
96 77439
97 77442
98 77442
99 77447
100 77447
101 77446
102 77442
103 77445
104 77447
105 77448
106 77452
107 77452
108 77449
109 77512
110 77869
111 77899
112 77899
113 77933
114 77933
115 77933
116 77933
117 77933
118 77936
119 77934
120 77933
121 77933
122 77933
123 77933
124 77963
125 77961
126 77961
127 77961
128 77961
129 77961
130 77961
131 77961
132 77961
133 77961
134 77961
135 77961
136 77962
137 77962
138 77962
139 77967
140 77967
141 77967
142 77967
143 77978
144 77978
145 77978
146 77979
147 77979
148 77979
149 77979
150 77971
151 77971
152 77971
153 77971
154 77971
155 77971
156 77971
157 77971
158 77971
159 77971
160 77971
161 77971
162 77971
163 77971
164 77971
165 77971
166 77971
167 77971
168 77960
169 77960
170 77960
171 77960
172 77961
173 77961
174 77961
175 77961
176 77961
177 77961
178 77961
179 77961
180 77961
181 77961
182 77964
183 77964
184 77973
185 77973
186 77968
187 77968
188 77994
189 77994
190 77994
191 77994
192 78027
193 78025
194 78025
195 78025
196 78026
197 78026
198 78026
199 78030
200 78052
201 78034
202 78034
203 78034
204 78034
205 78049
206 78078
207 78102
208 78214
209 78219
210 78221
211 78232
212 78270
213 78297
214 78457
215 78788
216 78788
217 78801
218 78801
219 78805
220 78803
221 78805
222 78805
223 78808
224 78808
225 78808
226 78808
227 78808
228 78807
229 78807
230 78807
231 78807
232 78815
233 78815
234 78842
235 78842
236 78844
237 78844
238 78844
239 78844
240 78844
241 78844
242 78844
243 78844
244 78842
245 78846
246 78846
247 78846
248 78846
249 78850
250 78853
251 78853
252 78854
253 78853
254 78853
255 78856
256 78856
257 78856
258 78856
259 78856
260 78856
261 78856
262 78856
263 78854
264 78863
265 78863
266 78863
267 78863
268 78863
269 78863
270 78863
271 78864
272 78864
273 78864
274 78864
275 78850
276 78874
277 78876
278 78911
279 78913
280 78910
281 78911
282 78910
283 78910
284 78920
285 79146
286 79148
287 79148
288 79167
289 79174
290 79174
291 79174
292 79174
293 79174
294 79174
295 79174
296 79174
297 79174
298 79174
299 79176
300 79176
301 79176
302 79176
303 79180
304 79180
305 79180
306 79180
307 79180
308 79180
309 79180
310 79180
311 79180
312 79180
313 79180
314 79180
315 79180
316 79180
317 79180
318 79183
319 79183
320 79183
321 79183
322 79183
323 79183
324 79181
325 79181
326 79181
327 79181
328 79181
329 79181
330 79183
331 79183
332 79183
333 79183
334 79183
335 79183
336 79177
337 79182
338 79195
339 79195
340 79195
341 79194
342 79401
343 79401
344 79401
345 79401
346 79401
347 79448
348 79448
349 79448
350 79448
351 79448
352 79448
353 79448
354 79480
355 79485
356 79499
357 79499
358 79500
359 79500
360 79500
361 79500
362 79500
363 79537
364 79594
365 79594
366 79594
367 79608
368 79608
369 79622
370 79622
371 79622
372 79627
373 79627
374 79627
375 79628
376 79628
377 79628
378 79628
379 79630
380 79630
381 79638
382 79638
383 79638
384 79638
385 79638
386 79638
387 79631
388 79631
389 79631
390 79631
391 79631
392 79631
393 79631
394 79631
395 79631
396 79631
397 79631
398 79628
399 79628
400 79628
401 79628
402 79628
403 79628
404 79628
405 79632
406 79631
407 79637
408 79637
409 79637
410 79637
411 79637
412 79637
413 79637
414 79637
415 79637
416 79637
417 79637
418 79637
419 79637
420 79637
421 79637
422 79637
423 79633
424 79635
425 79635
426 79685
427 79691
428 79694
429 79737
430 79743
431 79743
432 79754
433 79754
434 79754
435 79754
436 79754
437 79754
438 79747
439 79793
440 79791
441 79775
442 79775
443 79775
444 79775
445 79783
446 79785
447 79785
448 79785
449 79785
450 79785
451 79758
452 79760
453 79760
454 79760
