1 77692
2 77696
3 77697
4 77709
5 77709
6 77709
7 77709
8 77723
9 77723
10 77723
11 77723
12 77725
13 77725
14 77726
15 77733
16 77733
17 77738
18 77738
19 77738
20 77745
21 77748
22 77749
23 77754
24 77761
25 77766
26 77767
27 77767
28 77767
29 77767
30 77767
31 77770
32 77784
33 77784
34 77784
35 77785
36 77789
37 77797
38 77799
39 77802
40 77805
41 77809
42 77811
43 77811
44 77811
45 77811
46 77811
47 77811
48 77811
49 77811
50 77811
51 77811
52 77811
53 77811
54 77811
55 77811
56 77811
57 77813
58 77813
59 77813
60 77813
61 77813
62 77813
63 77813
64 77813
65 77813
66 77813
67 77813
68 77813
69 77813
70 77813
71 77813
72 77813
73 77813
74 77813
75 77813
76 77813
77 77813
78 77813
79 77813
80 77813
81 77814
82 77814
83 77814
84 77814
85 77814
86 77814
87 77814
88 77814
89 77814
90 77814
91 77814
92 77814
93 77814
94 77814
95 77814
96 77814
97 77814
98 77814
99 77814
100 77814
101 77831
102 77831
103 77834
104 77834
105 77834
106 77834
107 77834
108 77834
109 77834
110 77834
111 77834
112 77834
113 77834
114 77834
115 77834
116 77834
117 77834
118 77834
119 77834
120 77834
121 77834
122 77834
123 77834
124 77834
125 77834
126 77834
127 77834
128 77834
129 77834
130 77834
131 77834
132 77834
133 77834
134 77834
135 77834
136 77834
137 77834
138 77834
139 77834
140 77834
141 77834
142 77834
143 77834
144 77834
145 77841
146 77841
147 77841
148 77841
149 77841
150 77841
151 77841
152 77841
153 77841
154 77841
155 77841
156 77841
157 77841
158 77841
159 77841
160 77841
161 77841
162 77841
163 77841
164 77841
165 77841
166 77841
167 77841
168 77841
169 77841
170 77841
171 77841
172 77841
173 77841
174 77841
175 77841
176 77841
177 77841
178 77841
179 77841
180 77841
181 77841
182 77841
183 77841
184 77841
185 77841
186 77841
187 77841
188 77841
189 77841
190 77841
191 77841
192 77841
193 77841
194 77841
195 77841
196 77841
197 77841
198 77841
199 77841
200 77848
201 77851
202 77851
203 77853
204 77853
205 77855
206 77855
207 77855
208 77860
209 77860
210 77861
211 77861
212 77861
213 77869
214 77871
215 77872
216 77870
217 77870
218 77870
219 77870
220 77871
221 77873
222 77873
223 77873
224 77875
225 77875
226 77875
227 77880
228 77883
229 77885
230 77885
231 77886
232 77893
233 77893
234 77909
235 77909
236 78098
237 78098
238 78098
239 78098
240 78099
241 78104
242 78104
243 78104
244 78104
245 78104
246 78110
247 78115
248 78117
249 78117
250 78117
251 78117
252 78118
253 78122
254 78122
255 78129
256 78148
257 78148
258 78149
259 78150
260 78150
261 78150
262 78150
263 78173
264 78193
265 78193
266 78193
267 78193
268 78193
269 78193
270 78201
271 78202
272 78202
273 78206
274 78206
275 78206
276 78206
277 78212
278 78212
279 78216
280 78218
281 78226
282 78226
283 78226
284 78230
285 78230
286 78230
287 78230
288 78230
289 78230
290 78234
291 78236
292 78236
293 78249
294 78252
295 78252
296 78252
297 78252
298 78252
299 78254
300 78256
301 78256
302 78264
303 78264
304 78264
305 78264
306 78271
307 78272
308 78272
309 78271
310 78272
311 78272
312 78272
313 78272
314 78275
315 78280
316 78287
317 78287
318 78289
319 78289
320 78301
321 78321
322 78323
323 78323
324 78323
325 78328
326 78330
327 78331
328 78331
329 78331
330 78331
331 78332
332 78332
333 78332
334 78335
335 78337
336 78337
337 78335
338 78335
339 78336
340 78346
341 78346
342 78348
343 78348
344 78356
345 78356
346 78356
347 78365
348 78367
349 78367
350 78369
351 78369
352 78371
353 78371
354 78371
355 78375
356 78375
357 78391
358 78391
359 78391
360 78391
361 78392
362 78393
363 78393
364 78393
365 78393
366 78394
367 78395
368 78395
369 78395
370 78401
371 78401
372 78413
373 78412
374 78412
375 78412
376 78412
377 78416
378 78418
379 78419
380 78419
381 78423
382 78424
383 78424
384 78424
385 78427
386 78427
387 78427
388 78427
389 78427
390 78432
391 78432
392 78432
393 78433
394 78435
395 78437
396 78439
397 78439
398 78440
399 78440
400 78450
401 78450
402 78450
403 78450
404 78450
405 78450
406 78481
407 78482
408 78482
409 78496
410 78517
411 78517
412 78521
413 78521
414 78524
415 78528
416 78530
417 78535
418 78542
419 78542
420 78542
421 78542
422 78545
423 78546
424 78548
425 78549
426 78549
427 78549
428 78554
429 78567
430 78576
431 78587
432 78587
433 78590
434 78590
435 78590
436 78592
437 78594
438 78602
439 78602
440 78606
441 78606
442 78606
443 78612
444 78613
445 78613
446 78617
447 78617
448 78619
449 78619
450 78619
451 78619
452 78619
453 78619
454 78626
455 78626
456 78626
457 78626
458 78629
459 78629
460 78640
461 78641
462 78641
463 78641
464 78641
465 78641
466 78641
467 78641
468 78641
469 78641
470 78641
471 78642
472 78642
473 78644
474 78644
475 78644
476 78644
477 78644
478 78644
479 78644
480 78644
481 78644
482 78644
483 78645
484 78646
485 78646
486 78646
487 78644
488 78644
489 78667
490 78667
491 78668
492 78668
493 78668
494 78668
495 78668
496 78673
497 78673
498 78675
499 78675
500 78675
501 78675
502 78675
503 78675
504 78675
505 78675
506 78675
507 78675
508 78675
509 78675
510 78675
511 78675
512 78679
513 78679
514 78679
515 78679
516 78679
517 78679
518 78679
519 78683
520 78683
521 78683
522 78681
523 78682
524 78682
525 78682
526 78682
527 78682
