1 16947
2 16946
3 16947
4 16947
5 16953
6 16953
7 16948
8 16952
9 16958
10 16962
11 16964
12 16965
13 16970
14 16970
15 16971
16 16971
17 16971
18 16971
19 16975
20 16979
21 16982
22 16982
23 16981
24 16979
25 16979
26 16979
27 16979
28 16986
29 16986
30 16996
31 17003
32 17004
33 17007
34 17013
35 17023
36 17037
37 17037
38 17037
39 17037
40 17038
41 17046
42 17046
43 17053
44 17055
45 17068
46 17070
47 17071
48 17071
49 17078
50 17078
51 17086
52 17086
53 17090
54 17091
55 17099
56 17101
57 17101
58 17101
59 17101
60 17101
61 17101
62 17101
63 17101
64 17101
65 17101
66 17101
67 17101
68 17101
69 17101
70 17208
71 17208
72 17208
73 17208
74 17209
75 17209
76 17211
77 17211
78 17209
79 17204
80 17207
81 17207
82 17207
83 17207
84 17207
85 17207
86 17207
87 17207
88 17214
89 17214
90 17214
91 17214
92 17213
93 17233
94 17233
95 17237
96 17237
97 17237
98 17242
99 17242
100 17247
101 17252
102 17253
103 17253
104 17253
105 17253
106 17250
107 17249
108 17253
109 17259
110 17270
111 17275
112 17275
113 17275
114 17275
115 17291
116 17291
117 17291
118 17303
119 17304
120 17315
121 17314
122 17331
123 17331
124 17332
125 17333
126 17333
127 17335
128 17333
129 17333
130 17334
131 17334
132 17337
133 17345
134 17345
135 17345
136 17345
137 17345
138 17345
139 17345
140 17345
141 17345
142 17657
143 17659
144 17659
145 17655
146 17656
147 17664
148 17672
149 17672
150 17675
151 17677
152 17688
153 17688
154 17688
155 17688
156 17689
157 17692
158 17692
159 17692
160 17732
161 17734
162 17734
163 17736
164 17739
165 17741
166 17741
167 17741
168 17741
169 17743
170 17743
171 17758
172 17758
173 17762
174 17767
175 17767
176 17769
177 17770
178 17770
179 17770
180 17777
181 17805
182 17805
183 17806
184 17820
185 17844
186 17854
187 17854
188 17854
189 17854
190 17854
191 17854
192 17854
193 17855
194 17855
195 17857
196 17858
197 17858
198 17860
199 17876
200 17890
201 17890
202 17892
203 17898
204 17898
205 17888
206 17888
207 17899
208 17905
209 17929
210 17939
211 17939
212 17995
213 18001
214 18001
215 18006
216 18007
217 18010
218 18010
219 18009
220 18005
221 18005
222 18005
223 18006
224 18008
225 18009
226 18020
227 18025
228 18026
229 18026
230 18030
231 18045
232 18045
233 18047
234 18083
235 18084
236 18085
237 18087
238 18087
239 18081
240 18081
241 18083
242 18082
243 18082
244 18079
245 18079
246 18079
247 18093
248 18098
249 18090
250 18091
251 18091
252 18105
253 18126
254 18128
255 18133
256 18134
257 18134
258 18137
259 18150
260 18156
261 18156
262 18156
263 18123
264 18127
265 18140
266 18141
267 18141
268 18150
269 18150
270 18150
271 18150
272 18150
273 18150
274 18150
275 18153
276 18156
277 18156
278 18157
279 18165
280 18165
281 18164
282 18154
283 18157
284 18154
285 18155
286 18156
287 18169
288 18169
289 18170
290 18174
291 18173
292 18175
293 18175
294 18177
295 18177
296 18177
297 18177
298 18179
299 18179
300 18179
301 18179
302 18179
303 18180
304 18186
305 18185
306 18190
307 18199
308 18199
309 18201
310 18203
311 18203
