1 25372
2 25372
3 25370
4 25374
5 25374
6 25374
7 25155
8 25155
9 25155
10 25152
11 25152
12 25224
13 25234
14 25237
15 25240
16 25236
17 25236
18 25236
19 25240
20 25240
21 25240
22 25240
23 25240
24 25240
25 25240
26 25240
27 25240
28 25242
29 25242
30 25242
31 25246
32 25249
33 25252
34 25256
35 25256
36 25269
37 25313
38 25313
39 25314
40 25314
41 25314
42 25315
43 25317
44 25316
45 25318
46 25336
47 25337
48 25348
49 25406
50 25406
51 25406
52 25406
53 25408
54 25413
55 25489
56 25493
57 25493
58 25493
59 25510
60 25510
61 25510
62 25510
63 25510
64 25621
65 25621
66 25621
67 25621
68 25621
69 25621
70 25621
71 25650
72 25650
73 25658
74 25687
75 25687
76 25710
77 25712
78 25743
79 25743
80 25743
81 25731
82 25731
83 25731
84 25758
85 25760
86 25760
87 25765
88 25765
89 25799
90 25799
91 25800
92 25818
93 25818
94 25818
95 25818
96 25818
97 25818
98 25818
99 25843
100 25843
101 25854
102 25855
103 25855
104 25855
105 25859
106 25859
107 25860
108 25860
109 25860
110 25859
111 25859
112 25861
113 25868
114 25872
115 26052
116 26052
117 26052
118 26052
119 26052
120 26064
121 26066
122 26066
123 26125
124 26125
125 26127
126 26127
127 26127
128 26127
129 26127
130 26129
131 26134
132 26134
133 26134
134 26134
135 26132
136 26132
137 26132
138 26132
139 26133
140 26133
141 26139
142 26139
143 26139
144 26139
145 26139
146 26142
147 26146
148 26146
149 26146
150 26151
151 26155
152 26171
153 26171
154 26171
155 26171
156 26174
157 26174
158 26186
159 26187
160 26187
161 26187
162 26187
163 26187
164 26187
165 26192
166 26200
167 26200
168 26211
169 26211
170 26211
171 26211
172 26211
173 26211
174 26213
175 26213
176 26213
177 26213
178 26213
179 26213
180 26213
181 26213
182 26221
183 26222
184 26222
185 26222
186 26222
187 26222
188 26223
189 26223
190 26225
191 26226
192 26226
193 26244
194 26245
195 26258
196 26266
197 26266
198 26266
199 26269
200 26269
201 26269
202 26033
203 26033
204 26050
205 26050
206 26050
207 26051
208 26051
209 26053
210 26222
211 26230
212 26230
213 26230
214 26230
215 26230
216 26234
217 26235
218 26235
219 26232
220 26230
221 26234
222 26234
223 26256
224 26256
225 26257
226 26258
227 26256
228 26278
229 26278
230 26279
231 26292
232 26292
233 26305
234 26305
235 26305
236 26305
237 26305
238 26313
239 26313
240 26313
241 26335
242 26356
243 26356
244 26356
245 26356
246 26358
247 26358
248 26362
249 26362
250 26362
251 26362
252 26363
253 26364
254 26364
255 26364
256 26362
257 26362
258 26362
259 26412
260 26511
261 26511
262 26511
263 26511
264 26530
265 26532
266 26532
267 26532
268 26571
269 26573
270 26573
271 26573
272 26614
273 26614
274 26614
275 26650
276 26650
277 26650
278 26650
279 26650
280 26650
281 26650
282 26650
283 26650
284 26650
285 26664
286 26667
287 26671
288 26670
289 26670
290 26672
291 26674
292 26676
293 26676
294 26677
295 26693
296 26695
297 26695
298 26692
299 26702
300 26705
301 26705
302 26705
303 26705
304 26709
305 26709
306 26722
307 26723
308 26742
309 26747
310 26744
311 26879
312 26881
313 26881
314 26873
315 26874
316 26874
317 26880
318 26880
319 26880
320 26884
321 26821
322 26821
323 26821
324 26821
325 26822
326 26822
327 26822
328 26824
329 26824
330 26831
331 26831
332 26833
333 26942
334 26942
335 26942
336 26979
337 26981
338 26981
339 26981
340 26981
341 26983
342 26983
343 26983
344 26983
345 26983
346 26982
347 26982
348 26985
349 26985
350 26982
351 26982
352 26982
353 26982
354 26982
355 26982
356 26988
357 26989
358 27001
359 27003
360 27003
361 27003
362 27003
363 27002
364 27002
365 27005
366 27014
367 27013
368 27014
369 27015
370 27015
371 27015
372 27018
373 27017
374 27029
