1 19884
2 19885
3 19885
4 19885
5 19886
6 19899
7 19902
8 19908
9 19908
10 19908
11 19908
12 19912
13 19912
14 19917
15 19917
16 19919
17 19919
18 19919
19 19920
20 19940
21 19941
22 19941
23 19941
24 19943
25 19943
26 19943
27 19939
28 19919
29 19920
30 19920
31 19920
32 19920
33 19910
34 19910
35 19912
36 19912
37 19912
38 19711
39 19712
40 19712
41 19712
42 19712
43 19717
44 19726
45 19726
46 19726
47 19726
48 19726
49 19728
50 19728
51 19728
52 19731
53 19731
54 19731
55 19729
56 19729
57 19729
58 19729
59 19735
60 19735
61 19736
62 19737
63 19737
64 19710
65 19731
66 19737
67 19740
68 19745
69 19756
70 19761
71 19772
72 19790
73 19792
74 19792
75 19796
76 19796
77 19791
78 19794
79 19794
80 19794
81 19794
82 19795
83 19796
84 19814
85 19813
86 19811
87 19814
88 19817
89 19817
90 19853
91 19854
92 19862
93 19862
94 19862
95 19874
96 19874
97 19869
98 19869
99 19886
100 19886
101 19886
102 19886
103 19869
104 19869
105 19869
106 19884
107 19884
108 19884
109 19888
110 19898
111 19899
112 19899
113 19904
114 19904
115 19904
116 19904
117 19869
118 19869
119 19869
120 19869
121 19870
122 19870
123 19888
124 19888
125 19888
126 19888
127 19888
128 19888
129 19886
130 19885
131 19873
132 19873
133 19877
134 19879
135 19820
136 19820
137 19834
138 19834
139 19844
140 19844
141 19844
142 19850
143 19851
144 19851
145 19851
146 19851
147 19851
148 19851
149 19853
150 19853
151 19872
152 19868
153 19868
154 19874
155 19875
156 19873
157 19873
158 19873
159 19876
160 19878
161 19878
162 19896
163 19896
164 19990
165 19990
166 19990
167 20020
168 20054
169 20053
170 20111
171 20111
172 20146
173 20146
174 20148
175 20176
176 20176
177 20176
178 20175
179 20175
180 20177
181 20176
182 20176
183 20177
184 20200
185 20194
186 20193
187 20192
188 20192
189 20193
190 20236
191 20236
192 20232
193 20232
194 20232
195 20232
196 20232
197 20236
198 20237
199 20243
200 20255
201 20261
202 20261
203 20261
204 20264
205 20260
206 20260
207 20260
208 20260
209 20264
210 20264
211 20264
212 20264
213 20264
214 20269
215 20274
216 20283
217 20283
218 20288
219 20288
220 20288
221 20288
222 20288
223 20288
224 20292
225 20294
226 20300
227 20300
228 20300
229 20300
230 20300
231 20300
232 20300
233 20304
234 20304
235 20305
236 20307
237 20311
238 20193
239 20193
240 20201
241 20201
242 20201
243 20203
244 20212
245 20212
246 20212
247 20212
248 20212
249 20212
250 20217
251 20217
252 20217
253 20217
254 20217
255 20216
256 20214
257 20219
258 20219
259 20222
260 20222
261 20279
262 20279
263 20279
264 20281
265 20281
266 20282
267 20283
268 20283
269 20290
270 20290
271 20290
272 20287
273 20294
274 20294
275 20303
276 20303
277 20303
278 20303
279 20334
280 20331
281 20338
282 20338
283 20338
284 20338
285 20338
286 20338
287 20344
288 20344
289 20344
290 20344
291 20344
292 20344
293 20344
294 20344
295 20344
296 20344
297 20346
298 20344
299 20346
300 20347
301 20348
302 20346
303 20358
304 20358
305 20362
306 20362
307 20367
308 20367
309 20367
310 20367
311 20367
312 20367
313 20367
314 20367
315 20367
316 20367
317 20370
318 20370
319 20370
320 20370
321 20368
322 20369
323 20386
324 20386
325 20386
326 20386
327 20383
328 20384
329 20384
330 20385
331 20361
332 20392
333 20392
334 20395
335 20384
336 20403
337 20408
338 20408
339 20396
340 20396
341 20396
342 20396
343 20397
344 20397
345 20397
346 20402
347 20402
348 20400
349 20400
350 20400
351 20399
352 20396
353 20399
354 20399
355 20399
356 20397
357 20404
358 20401
359 20394
360 20405
361 20396
362 20403
363 20403
364 20401
365 20406
366 20407
367 20407
368 20407
369 20407
370 20407
371 20407
372 20407
373 20406
374 20471
375 20471
376 20471
377 20471
378 20478
379 20478
380 20478
381 20484
382 20484
383 20487
