1 4473
2 4473
3 4473
4 4473
5 4537
6 4563
7 4563
8 4563
9 4563
10 4563
11 4563
12 4563
13 4563
14 4563
15 4563
16 4563
17 4563
18 4570
19 4570
20 4570
21 4570
22 4572
23 4574
24 4574
25 4574
26 4574
27 4574
28 4574
29 4574
30 4574
31 4574
32 4574
33 4574
34 4574
35 4574
36 4574
37 4574
38 4574
39 4574
40 4574
41 4574
42 4574
43 4574
44 4574
45 4574
46 4574
47 4574
48 4574
49 4574
50 4574
51 4574
52 4574
53 4574
54 4574
55 4574
56 4575
57 4575
58 4575
59 4575
60 4575
61 4575
62 4575
63 4572
64 4572
65 4622
66 4622
67 4618
68 4623
69 4623
70 4623
71 4623
72 4623
73 4623
74 4623
75 4623
76 4623
77 4623
78 4623
79 4623
80 4623
81 4623
82 4687
83 4687
84 4687
85 4687
86 4687
87 4687
88 4687
89 4687
90 4687
91 4714
92 4714
93 4714
94 4714
95 4714
96 4714
97 4714
98 4714
99 4714
100 4714
101 4714
102 4714
103 4714
104 4714
105 4714
106 4714
107 4714
108 4773
109 4773
110 4773
111 4773
112 4773
113 4789
114 4789
115 4789
116 4789
117 4789
118 4789
119 4789
120 4802
121 4802
122 4802
123 4802
124 4802
125 4802
126 4802
127 4802
128 4802
129 4802
130 4837
131 4841
132 4841
133 4841
134 4841
135 4841
136 4841
137 4841
138 4841
139 4841
140 4841
141 4841
142 4841
143 4841
144 4841
145 4841
146 4841
147 4841
148 4841
149 4848
150 4848
151 4848
152 4848
153 4848
154 4848
155 4848
156 4848
157 4848
158 4848
159 4848
160 4848
161 4848
162 4848
163 4848
164 4848
165 4848
166 4848
167 4848
168 4848
169 4848
170 4848
171 4848
172 4859
173 4860
174 4860
175 4860
176 4860
177 4860
178 4885
179 4888
180 4888
181 4891
182 4891
183 4891
184 4891
185 4891
186 4891
187 4891
188 4891
189 4895
190 4895
191 4895
192 4900
193 4900
194 4900
195 4896
196 4896
197 4896
198 4896
199 4896
200 4896
201 4896
202 4896
203 4896
204 4896
205 4896
206 4896
207 4896
208 4896
209 4896
210 4896
211 4896
212 4896
213 4896
214 4896
215 4896
216 4896
217 4896
218 4896
219 4896
220 4896
221 4896
222 4897
223 4897
224 4897
225 4897
226 4897
227 4897
228 4897
229 4923
230 4923
231 4923
232 4923
233 4923
234 4923
235 4923
236 4923
237 4923
238 4929
239 4929
240 4929
241 4929
242 4954
243 4954
244 4956
245 4956
246 4956
247 4956
248 4956
249 4956
250 4956
251 4956
252 4956
253 4956
254 4956
255 4967
256 4967
257 4967
258 4967
259 4967
260 4967
261 4967
262 4967
263 4967
264 4967
265 4967
266 4967
267 4967
268 4973
269 4973
270 4973
271 4973
272 4973
273 4973
274 4973
275 4973
276 5000
277 5000
278 5000
279 5000
280 5000
281 5000
282 5000
283 5000
284 5000
285 5000
286 5000
287 5000
288 5000
289 5000
290 5000
291 5000
292 5000
293 5000
294 5000
295 5000
296 5000
297 5000
298 5000
299 5000
300 5000
301 5000
302 5117
303 5117
304 5117
305 5118
306 5118
307 5118
308 5118
309 5118
310 5118
311 5118
312 5118
313 5118
314 5118
315 5118
316 5118
317 5118
318 5118
319 5118
320 5118
321 5118
322 5118
323 5118
324 5118
325 5118
326 5118
327 5118
328 5118
329 5118
330 5118
331 5119
332 5119
333 5120
334 5120
335 5120
336 5120
337 5120
338 5120
339 5120
340 5120
341 5120
342 5120
343 5120
344 5120
345 5120
346 5120
347 5120
348 5120
349 5120
350 5172
351 5173
352 5172
353 5186
354 5186
355 5186
356 5186
357 5186
358 5186
359 5186
360 5186
361 5186
362 5186
363 5186
364 5186
365 5186
366 5186
367 5186
368 5186
369 5186
370 5186
371 5186
372 5186
373 5186
374 5186
