1 102307
2 102312
3 102312
4 102327
5 102327
6 102327
7 102327
8 102327
9 102327
10 102327
11 102327
12 102340
13 102340
14 102357
15 102357
16 102357
17 102383
18 102396
19 102396
20 102396
21 102396
22 102396
23 102396
24 102725
25 102725
26 102725
27 103035
28 103035
29 103035
30 103035
31 103035
32 103161
33 103161
34 103180
35 103180
36 103180
37 103180
38 103180
39 103236
40 103366
41 103485
42 103485
43 103485
44 103485
45 103485
46 103667
47 103667
48 103667
49 103688
50 103721
51 103722
52 103772
53 103777
54 103810
55 103820
56 103821
57 103821
58 103821
59 103821
60 103911
61 103911
62 103911
63 103911
64 103911
65 103918
66 103918
67 103918
68 103919
69 103919
70 103919
71 103919
72 103919
73 103924
74 103957
75 103984
76 104007
77 104007
78 104007
79 104007
80 104007
81 104021
82 104021
83 104026
84 104026
85 104059
86 104060
87 104047
88 104047
89 104047
90 104047
91 104047
92 104047
93 104063
94 104072
95 104072
96 104072
97 104088
98 104088
99 104113
100 104113
101 104113
102 104113
103 104243
104 104368
105 104368
106 104370
107 104372
108 104372
109 104425
110 104863
111 104900
112 104900
113 104920
114 104920
115 104920
116 104920
117 104920
118 104928
119 104928
120 104928
121 104928
122 104928
123 104930
124 104930
125 104930
126 104930
127 104930
128 104930
129 104930
130 104930
131 104930
132 104930
133 104930
134 104930
135 104930
136 104930
137 104930
138 104930
139 104930
140 104930
141 104930
142 104930
143 104960
144 104960
145 104960
146 104960
147 104960
148 104960
149 104960
150 104954
151 104954
152 104954
153 104954
154 104954
155 104954
156 104954
157 104954
158 104954
159 104954
160 104954
161 104954
162 104954
163 104954
164 104954
165 104954
166 104954
167 104938
168 104936
169 104936
170 104936
171 104936
172 104951
173 104951
174 104951
175 104951
176 104951
177 104951
178 104951
179 104951
180 104951
181 104951
182 104951
183 104951
184 105004
185 105004
186 105004
187 105004
188 105004
189 105007
190 105019
191 105019
192 105019
193 105019
194 105019
195 105019
196 105019
197 105019
198 105039
199 105048
200 105048
201 105048
202 105048
203 105048
204 105048
205 105109
206 105109
207 105109
208 105297
209 105311
210 105424
211 105437
212 105460
213 105549
214 105909
215 106123
216 106123
217 106187
218 106187
219 106199
220 106210
221 106210
222 106210
223 106226
224 106301
225 106301
226 106301
227 106301
228 106301
229 106301
230 106320
231 106404
232 106414
233 106414
234 106420
235 106420
236 106430
237 106430
238 106430
239 106430
240 106430
241 106430
242 106430
243 106430
244 106430
245 106439
246 106456
247 106456
248 106456
249 106493
250 106493
251 106493
252 106493
253 106493
254 106493
255 106493
256 106493
257 106493
258 106345
259 106345
260 106378
261 106379
262 106379
263 106382
264 106577
265 106578
266 106578
267 106578
268 106578
269 106578
270 106578
271 106578
272 106578
273 106578
274 106578
275 106586
276 106652
277 106658
278 107198
279 107216
280 107216
281 107216
282 107251
283 107251
284 107322
285 107871
286 107871
287 107913
288 107921
289 107921
290 107921
291 107921
292 107921
293 107921
294 107921
295 107921
296 107921
297 107921
298 107921
299 107921
300 107935
301 107935
302 107935
303 107951
304 107966
305 107966
306 107966
307 107966
308 107966
309 107966
310 107966
311 107966
312 107966
313 107966
314 107966
315 108002
316 108002
317 108002
318 108004
319 108008
320 108008
321 108008
322 108008
323 108008
324 108008
325 108010
326 108010
327 108010
328 108010
329 108010
330 108015
331 108075
332 108075
333 108070
334 108070
335 108070
336 108072
337 108072
338 108080
339 108080
340 108080
341 108084
342 108084
343 108084
344 108084
345 108084
346 108084
347 108119
348 108130
349 108130
350 108130
351 108130
352 108130
353 108130
354 108134
355 108141
356 108141
357 108141
358 108145
359 108145
360 108145
361 108145
362 108145
363 108154
364 108156
365 108156
366 108153
367 108175
368 108175
369 108179
370 108193
371 108193
372 108193
373 108193
374 108139
375 108139
376 108139
377 108139
378 108139
379 108164
380 108164
381 108168
382 108168
383 108171
384 108171
385 108202
386 108202
387 108202
388 108202
389 108202
390 108202
391 108205
392 108205
393 108205
394 108205
395 108205
396 108206
397 108206
398 108206
399 108206
400 108206
401 108206
402 108206
403 108206
404 108206
405 108208
406 108208
407 108214
408 108214
409 108214
410 108214
411 108214
412 108214
413 108228
414 108228
415 108228
416 108228
417 108228
418 108228
419 108228
420 108228
421 108228
422 108236
423 108236
424 108236
425 108236
426 108259
427 108259
428 108288
429 108325
430 108339
431 108344
432 108344
433 108353
434 108353
435 108353
436 108353
437 108355
438 108355
439 108390
440 108395
441 108344
442 108344
443 108344
444 108344
445 108458
446 108505
447 108505
448 108505
449 108505
450 108505
451 108489
452 108489
453 108464
454 108464
