1 761
2 761
3 761
4 761
5 761
6 761
7 761
8 761
9 865
10 865
11 865
12 865
13 840
14 840
15 840
16 840
17 840
18 840
19 840
20 840
21 840
22 840
23 840
24 840
25 931
26 931
27 931
28 931
29 940
30 940
31 940
32 940
33 940
34 940
35 940
36 940
37 940
38 940
39 940
40 940
41 940
42 940
43 1017
44 940
45 940
46 940
47 940
48 940
49 940
50 940
51 940
52 940
53 940
54 940
55 940
56 940
57 940
58 940
59 940
60 940
61 940
62 940
63 931
64 931
65 931
66 931
67 840
68 840
69 1017
70 1017
71 1017
72 1018
73 1018
74 1018
75 1018
76 1018
77 1018
78 1018
79 1047
80 1047
81 1047
82 1047
83 1047
84 1047
85 1047
86 1047
87 1047
88 1047
89 1047
90 1047
91 1047
92 1047
93 1047
94 1047
95 1047
96 1047
97 1047
98 1047
99 1047
100 1047
101 1050
102 1050
103 1050
104 1050
105 1050
106 1050
107 1057
108 1057
109 1057
110 1057
111 1057
112 1057
113 1059
114 1059
115 1060
116 1060
117 1060
118 1178
119 1178
120 1178
121 1178
122 1178
123 1178
124 1178
125 1178
126 1178
127 1178
128 1178
129 1178
130 1178
131 1178
132 1178
133 1178
134 1178
135 1178
136 1178
137 1178
138 1179
139 1179
140 1179
141 1179
142 1179
143 1179
144 1286
145 1286
146 1282
147 1282
148 1282
149 1282
150 1282
151 1282
152 1282
153 1282
154 1359
155 1359
156 1359
157 1359
158 1359
159 1359
160 1359
161 1359
162 1359
163 1359
164 1359
165 1359
166 1359
167 1359
168 1359
169 1359
170 1359
171 1359
172 1359
173 1330
174 1423
175 1423
176 1449
177 1449
178 1449
179 1449
180 1449
181 1449
182 1449
183 1449
184 1449
185 1449
186 1449
187 1449
188 1449
189 1449
190 1449
191 1449
192 1449
193 1449
194 1449
195 1449
196 1449
197 1449
198 1449
199 1290
200 1319
201 1319
202 1319
203 1319
204 1325
205 1325
206 1325
207 1325
208 1325
209 1325
210 1325
211 1325
212 1325
213 1325
214 1325
215 1325
216 1325
217 1316
218 1321
219 1321
220 1321
221 1321
222 1321
223 1321
224 1321
225 1321
226 1320
227 1320
228 1320
229 1320
230 1320
231 1320
232 1320
233 1320
234 1320
235 1320
236 1320
237 1320
238 1320
239 1320
240 1320
241 1390
242 1391
243 1406
244 1406
245 1406
246 1483
247 1483
248 1515
249 1515
250 1515
251 1515
252 1515
253 1515
254 1515
255 1515
256 1515
257 1515
258 1515
259 1559
260 1659
261 1647
262 1647
263 1647
264 1647
265 1647
266 1647
267 1647
268 1647
269 1647
270 1647
271 1647
272 1648
273 1648
274 1648
275 1648
276 1806
277 1806
278 1806
279 1806
280 1946
281 1946
282 1946
283 1881
284 1881
285 1881
286 1862
287 1862
288 1862
289 1862
290 1862
291 1864
292 1864
293 1864
294 2596
295 2679
296 2657
297 2657
298 2657
299 2658
300 2627
301 2631
302 2631
303 2630
304 2637
305 2756
306 2756
307 2817
308 2818
309 2818
310 2834
311 2833
312 2833
313 2833
314 2833
315 2876
316 2886
317 2886
318 2886
319 2886
320 2886
321 2886
322 3008
323 3008
324 3083
325 3144
326 3073
327 3088
328 3088
329 3088
330 3088
331 3088
332 3024
333 3049
334 3058
335 3104
336 3105
337 3099
338 3099
339 3102
340 3102
341 3331
342 3331
343 3462
344 3488
345 3386
346 3359
347 3359
348 3357
349 3357
350 3369
351 3375
352 3369
353 3369
354 3369
355 3369
356 3369
357 3368
358 3368
359 3368
360 3368
361 3368
362 3368
363 3368
364 3368
365 3367
366 3415
367 3415
368 3422
369 3460
370 3460
371 3460
372 3460
373 3460
374 3460
375 3460
376 3460
377 3460
378 3460
