1 7102
2 7102
3 7102
4 7102
5 7102
6 7102
7 7102
8 7102
9 7102
10 7102
11 7102
12 7102
13 7102
14 7102
15 7102
16 7102
17 7102
18 7102
19 7102
20 7102
21 7102
22 7102
23 7102
24 7102
25 7108
26 7131
27 7146
28 7146
29 7146
30 7146
31 7146
32 7146
33 7146
34 7146
35 7146
36 7146
37 7146
38 7146
39 7146
40 7146
41 7146
42 7146
43 7146
44 7146
45 7146
46 7146
47 7146
48 7146
49 7146
50 7146
51 7146
52 7146
53 7146
54 7146
55 7146
56 7146
57 7146
58 7146
59 7146
60 7146
61 7146
62 7146
63 7146
64 7146
65 7146
66 7146
67 7146
68 7146
69 7146
70 7146
71 7146
72 7146
73 7146
74 7146
75 7146
76 7146
77 7146
78 7146
79 7146
80 7146
81 7146
82 7146
83 7146
84 7146
85 7189
86 7191
87 7241
88 7241
89 7255
90 7255
91 7264
92 7264
93 7264
94 7300
95 7300
96 7300
97 7300
98 7300
99 7300
100 7300
101 7300
102 7300
103 7300
104 7300
105 7300
106 7300
107 7300
108 7300
109 7300
110 7300
111 7300
112 7300
113 7300
114 7300
115 7300
116 7300
117 7311
118 7311
119 7311
120 7311
121 7311
122 7311
123 7311
124 7311
125 7311
126 7311
127 7311
128 7311
129 7311
130 7311
131 7311
132 7311
133 7311
134 7311
135 7311
136 7311
137 7311
138 7378
139 7378
140 7395
141 7395
142 7395
143 7395
144 7395
145 7395
146 7395
147 7395
148 7395
149 7395
150 7395
151 7395
152 7395
153 7395
154 7395
155 7395
156 7395
157 7395
158 7395
159 7395
160 7395
161 7395
162 7395
163 7395
164 7395
165 7395
166 7435
167 7435
168 7435
169 7435
170 7435
171 7435
172 7435
173 7435
174 7435
175 7435
176 7435
177 7435
178 7435
179 7451
180 7451
181 7451
182 7451
183 7451
184 7451
185 7451
186 7451
187 7451
188 7451
189 7451
190 7454
191 7454
192 7497
193 7497
194 7506
195 7506
196 7506
197 7506
198 7506
199 7506
200 7506
201 7506
202 7506
203 7506
204 7506
205 7506
206 7506
207 7506
208 7506
209 7506
210 7506
211 7506
212 7506
213 7506
214 7506
215 7506
216 7506
217 7506
218 7506
219 7506
220 7506
221 7506
222 7506
223 7506
224 7506
225 7506
226 7506
227 7506
228 7506
229 7506
230 7506
231 7506
232 7506
233 7506
234 7506
235 7506
236 7506
237 7506
238 7512
239 7512
240 7512
241 7512
242 7512
243 7512
244 7512
245 7512
246 7544
247 7544
248 7544
249 7544
250 7544
251 7544
252 7544
253 7544
254 7544
255 7544
256 7544
257 7544
258 7544
259 7544
260 7544
261 7544
262 7544
263 7544
264 7544
265 7544
266 7544
267 7544
268 7544
269 7544
270 7544
271 7544
272 7544
273 7544
274 7544
275 7544
276 7544
277 7544
278 7544
279 7544
280 7544
281 7544
282 7544
283 7544
284 7544
285 7544
286 7544
287 7544
288 7544
289 7544
290 7544
291 7544
292 7544
293 7544
294 7544
295 7576
296 7589
297 7589
298 7589
299 7589
300 7589
301 7589
302 7589
303 7589
304 7589
305 7589
306 7589
307 7589
308 7589
309 7589
310 7589
311 7589
