1 1488
2 1488
3 1488
4 1488
5 1488
6 1488
7 1488
8 1488
9 1500
10 1520
11 1545
12 1545
13 1545
14 1545
15 1545
16 1545
17 1545
18 1545
19 1545
20 1545
21 1545
22 1545
23 1545
24 1554
25 1576
26 1576
27 1576
28 1576
29 1576
30 1576
31 1576
32 1576
33 1576
34 1576
35 1576
36 1600
37 1600
38 1625
39 1625
40 1625
41 1625
42 1627
43 1627
44 1627
45 1627
46 1627
47 1631
48 1631
49 1631
50 1643
51 1655
52 1667
53 1667
54 1673
55 1673
56 1691
57 1691
58 1720
59 1720
60 1720
61 1720
62 1720
63 1720
64 1720
65 1720
66 1720
67 1720
68 1720
69 1737
70 1737
71 1737
72 1737
73 1737
74 1737
75 1737
76 1737
77 1737
78 1743
79 1744
80 1744
81 1744
82 1744
83 1744
84 1744
85 1744
86 1771
87 1771
88 1771
89 1771
90 1771
91 1771
92 1771
93 1771
94 2012
95 2012
96 2012
97 2012
98 2012
99 2012
100 2121
101 2121
102 2137
103 2150
104 2162
105 2162
106 2178
107 2178
108 2195
109 2195
110 2195
111 2195
112 2195
113 2195
114 2195
115 2195
116 2250
117 2243
118 2313
119 2348
120 2353
121 2364
122 2364
123 2364
124 2364
125 2364
126 2364
127 2393
128 2393
129 2394
130 2411
131 2411
132 2411
133 2411
134 2411
135 2411
136 2411
137 2411
138 2411
139 2415
140 2415
141 2415
142 2415
143 2431
144 2431
145 2435
146 2435
147 2451
148 2452
149 2454
150 2454
151 2454
152 2454
153 3433
154 3443
155 3443
156 3443
157 3443
158 3443
159 3443
160 3443
161 3443
162 3450
163 3452
164 3452
165 3452
166 3452
167 3452
168 3452
169 3456
170 3456
171 3508
172 3508
173 3512
174 3504
175 3527
176 3562
177 3562
178 3576
179 3551
180 3562
181 3562
182 3562
183 3562
184 3562
185 3562
186 3562
187 3562
188 3562
189 3565
190 4009
191 4011
192 4011
193 4023
194 4023
195 4032
196 4045
197 4106
198 4101
199 4101
200 4118
201 4118
202 4143
203 4144
204 4161
205 4161
206 4227
207 4224
208 4224
209 4227
210 4227
211 4227
212 4227
213 4227
214 4227
215 4227
216 4250
217 4248
218 4248
219 4252
220 4254
221 4254
222 4269
223 4275
224 4275
225 4275
226 4275
227 4275
228 4275
229 4279
230 4280
231 4281
232 4281
233 4281
234 4281
235 4281
236 4281
237 4281
238 4281
239 4281
240 4294
241 4294
242 4294
243 4294
244 4321
245 4321
246 4321
247 4348
248 4376
249 4376
250 4376
251 4376
252 4376
253 4376
254 4376
255 4376
256 4376
257 4376
258 4376
259 4376
260 4376
261 4376
262 4397
263 4397
264 4397
265 4397
266 4397
267 4397
268 4397
269 4397
270 4397
271 4397
272 4397
273 4397
274 4397
275 4397
276 4397
277 4397
278 4401
279 4459
280 4464
281 4464
282 4479
283 4479
284 4479
285 4479
286 4479
287 4479
288 4505
289 4505
290 4505
291 4505
292 4505
293 4505
294 4505
295 4505
296 4505
297 4505
298 4505
299 4505
300 4505
301 4507
302 4507
303 4507
304 4507
305 4507
306 4507
307 4507
308 4507
309 4509
310 4509
311 4509
312 4509
313 4509
314 4552
315 4552
316 4552
317 4552
318 4552
319 4552
320 4552
321 4552
322 4552
323 4552
324 4552
325 4552
326 4552
327 4552
328 4556
329 4556
330 4556
331 4556
332 4556
333 4556
334 4569
335 4574
336 4584
337 4584
338 4584
339 4586
340 4584
341 4584
342 4584
343 4584
344 4584
345 4584
346 4584
347 4584
348 4584
349 4584
350 4584
351 4584
352 4584
353 4588
354 4588
355 4588
356 4588
357 4588
358 4588
359 4588
360 4588
361 4589
362 4589
363 4589
364 4589
365 4589
366 4589
367 4589
368 4589
369 4589
370 4589
371 4605
372 4605
373 4605
