1 7508
2 7508
3 7508
4 7508
5 7508
6 7508
7 7508
8 7508
9 7508
10 7508
11 7508
12 7508
13 7508
14 7508
15 7508
16 7508
17 7508
18 7508
19 7508
20 7508
21 7508
22 7508
23 7508
24 7508
25 7508
26 7508
27 7508
28 7508
29 7508
30 7508
31 7508
32 7508
33 7508
34 7508
35 7508
36 7508
37 7508
38 7508
39 7508
40 7508
41 7508
42 7508
43 7508
44 7508
45 7508
46 7508
47 7508
48 7508
49 7508
50 7508
51 7508
52 7508
53 7508
54 7508
55 7508
56 7508
57 7508
58 7508
59 7508
60 7508
61 7508
62 7508
63 7508
64 7508
65 7508
66 7508
67 7508
68 7508
69 7508
70 7508
71 7508
72 7508
73 7508
74 7508
75 7508
76 7508
77 7508
78 7508
79 7508
80 7508
81 7508
82 7508
83 7508
84 7508
85 7508
86 7508
87 7508
88 7508
89 7508
90 7508
91 7508
92 7508
93 7508
94 7508
95 7508
96 7508
97 7508
98 7508
99 7508
100 7508
101 7508
102 7508
103 7508
104 7508
105 7508
106 7508
107 7508
108 7508
109 7508
110 7508
111 7508
112 7508
113 7508
114 7508
115 7508
116 7508
117 7508
118 7508
119 7508
120 7508
121 7508
122 7508
123 7508
124 7508
125 7508
126 7508
127 7508
128 7508
129 7508
130 7508
131 7508
132 7508
133 7508
134 7508
135 7508
136 7508
137 7508
138 7508
139 7508
140 7508
141 7508
142 7508
143 7508
144 7508
145 7508
146 7508
147 7508
148 7508
149 7508
150 7508
151 7508
152 7508
153 7508
154 7508
155 7508
156 7508
157 7508
158 7508
159 7508
160 7508
161 7508
162 7508
163 7508
164 7508
165 7508
166 7508
167 7508
168 7508
169 7508
170 7508
171 7508
172 7508
173 7508
174 7508
175 7508
176 7508
177 7508
178 7508
179 7508
180 7508
181 7508
182 7508
183 7508
184 7508
185 7508
186 7508
187 7508
188 7508
189 7508
190 7508
191 7508
192 7508
193 7508
194 7508
195 7508
196 7508
197 7508
198 7508
199 7508
200 7508
201 7508
202 7508
203 7508
204 7508
205 7508
206 7508
207 7508
208 7508
209 7508
210 7508
211 7508
212 7508
213 7508
214 7508
215 7508
216 7508
217 7508
218 7508
219 7508
220 7508
221 7508
222 7508
223 7508
224 7508
225 7508
226 7508
227 7508
228 7508
229 7508
230 7508
231 7508
232 7508
233 7508
234 7508
235 7508
236 7508
237 7508
238 7508
239 7508
240 7508
241 7508
242 7508
243 7508
244 7508
245 7508
246 7508
247 7508
248 7508
249 7508
250 7508
251 7508
252 7508
253 7508
254 7508
255 7508
256 7508
257 7508
258 7508
259 7508
260 7508
261 7508
262 7508
263 7508
264 7508
265 7508
266 7508
267 7509
268 7509
269 7509
270 7509
271 7509
272 7509
273 7509
274 7509
275 7509
276 7509
277 7509
278 7509
279 7509
280 7509
281 7509
282 7509
283 7509
284 7509
285 7509
286 7509
287 7509
288 7509
289 7509
290 7509
291 7509
292 7509
293 7509
294 7509
295 7509
296 7509
297 7509
298 7509
299 7509
300 7509
301 7509
302 7509
303 7509
304 7509
305 7509
306 7509
307 7509
308 7509
309 7509
310 7509
311 7509
312 7509
313 7509
314 7509
315 7512
316 7512
317 7512
318 7512
319 7512
320 7512
321 7512
322 7512
323 7512
324 7512
325 7512
326 7512
327 7512
328 7512
329 7512
330 7512
331 7512
332 7512
333 7512
334 7512
335 7512
336 7512
337 7512
338 7512
339 7512
340 7512
341 7512
342 7512
343 7512
344 7512
345 7512
346 7512
347 7512
348 7512
349 7512
350 7512
351 7512
352 7512
353 7512
354 7512
355 7512
356 7512
357 7512
358 7512
359 7512
360 7512
361 7512
362 7512
363 7512
364 7512
365 7512
366 7512
367 7512
368 7512
369 7512
370 7512
371 7512
372 7512
373 7512
374 7512
375 7512
376 7512
377 7512
378 7512
379 7512
380 7512
381 7512
382 7512
383 7512
384 7512
385 7512
386 7512
387 7512
388 7512
389 7512
390 7512
391 7512
392 7512
393 7512
394 7512
395 7512
396 7512
397 7512
398 7512
399 7512
400 7512
401 7512
402 7512
403 7512
404 7512
405 7512
406 7512
407 7512
408 7512
409 7512
410 7512
411 7512
412 7512
413 7512
414 7512
415 7512
416 7512
417 7512
418 7512
419 7512
420 7512
421 7512
422 7512
423 7512
424 7512
425 7512
426 7512
427 7512
428 7512
429 7512
430 7512
431 7512
432 7512
433 7512
434 7512
435 7512
436 7512
437 7512
438 7512
439 7512
440 7512
441 7512
442 7512
443 7512
444 7512
445 7512
446 7512
447 7512
448 7512
449 7512
450 7512
451 7512
452 7512
453 7512
454 7512
455 7512
456 7512
457 7512
458 7512
459 7512
460 7512
461 7512
462 7512
463 7512
464 7512
465 7512
466 7512
467 7512
468 7512
469 7512
470 7512
471 7512
472 7512
473 7512
474 7512
475 7512
476 7512
477 7512
478 7512
479 7512
480 7512
481 7512
482 7512
483 7512
484 7512
485 7512
486 7512
487 7512
488 7512
489 7512
490 7512
491 7512
492 7512
493 7512
494 7512
495 7512
496 7512
497 7512
498 7512
499 7512
500 7512
501 7512
502 7512
503 7512
504 7512
505 7512
506 7512
507 7512
508 7512
509 7512
510 7512
511 7512
512 7512
513 7512
514 7512
515 7512
516 7512
517 7512
518 7512
519 7512
520 7512
521 7512
522 7512
523 7512
524 7512
525 7512
526 7512
527 7512
