1 954
2 954
3 954
4 954
5 954
6 954
7 954
8 955
9 955
10 955
11 955
12 955
13 955
14 955
15 955
16 955
17 955
18 955
19 955
20 955
21 955
22 955
23 955
24 955
25 955
26 966
27 966
28 966
29 966
30 966
31 966
32 966
33 966
34 966
35 966
36 966
37 966
38 966
39 966
40 966
41 966
42 966
43 966
44 966
45 966
46 966
47 966
48 966
49 966
50 966
51 966
52 966
53 966
54 948
55 948
56 948
57 948
58 948
59 948
60 948
61 948
62 948
63 948
64 948
65 948
66 901
67 901
68 901
69 901
70 901
71 195
72 175
73 175
74 192
75 192
76 192
77 192
78 192
79 192
80 192
81 192
82 192
83 192
84 212
85 212
86 212
87 212
88 213
89 213
90 213
91 213
92 213
93 213
94 213
95 213
96 213
97 213
98 213
99 213
100 213
101 201
102 215
103 215
104 215
105 215
106 215
107 215
108 215
109 215
110 215
111 215
112 232
113 232
114 232
115 232
116 232
117 232
118 232
119 232
120 232
121 232
122 232
123 232
124 232
125 232
126 232
127 232
128 232
129 198
130 198
131 198
132 198
133 198
134 198
135 198
136 198
137 198
138 197
139 197
140 197
141 197
142 197
143 197
144 197
145 197
146 197
147 197
148 369
149 483
150 626
151 652
152 652
153 652
154 652
155 652
156 652
157 660
158 660
159 650
160 650
161 650
162 662
163 662
164 662
165 662
166 662
167 662
168 662
169 662
170 662
171 662
172 662
173 662
174 662
175 662
176 662
177 662
178 662
179 750
180 750
181 750
182 750
183 750
184 750
185 750
186 750
187 750
188 750
189 750
190 750
191 750
192 750
193 750
194 758
195 770
196 770
197 820
198 820
199 820
200 820
201 820
202 822
203 822
204 822
205 822
206 822
207 749
208 757
209 757
210 757
211 757
212 757
213 757
214 755
215 754
216 754
217 754
218 754
219 754
220 754
221 754
222 754
223 1263
224 1263
225 1263
226 1263
227 1263
228 1263
229 1296
230 1296
231 1296
232 1300
233 1300
234 1300
235 1300
236 1300
237 1300
238 1300
239 1300
240 1302
241 1302
242 1302
243 1361
244 1361
245 1361
246 1361
247 1495
248 1501
249 1501
250 1529
251 1545
252 1545
253 1547
254 1547
255 1547
256 1550
257 1552
258 1553
259 1551
260 1551
261 1551
262 1551
263 1551
264 1549
265 1549
266 1549
267 1546
268 1546
269 1699
270 1704
271 1704
272 1704
273 1704
274 1704
275 1704
276 1704
277 1704
278 1704
279 1704
280 1719
281 1719
282 1719
283 1719
284 1719
285 1719
286 1719
287 1719
288 1719
289 1719
290 1719
291 1719
292 1719
293 1719
294 1719
295 1719
296 1719
297 1719
298 1719
299 1720
300 1720
301 1720
302 1720
303 1720
304 1720
305 1832
306 1833
307 1833
308 1947
309 1948
310 1948
311 1948
312 1948
313 1948
314 1948
315 1948
316 1948
317 1948
318 1948
319 1948
320 1948
321 1948
322 1948
323 1948
324 1948
325 1955
326 1955
327 2150
328 2164
329 2164
330 1597
331 1626
332 1626
333 1626
334 1626
335 1626
336 1626
337 1627
338 1629
339 1629
340 1648
341 1648
342 1648
343 1648
344 1648
345 1648
346 1648
347 1648
348 1648
349 1648
350 1652
351 1652
352 1652
353 1652
354 1652
355 1652
356 1652
357 1653
358 1653
359 1653
360 1653
361 1653
362 1653
363 1653
364 1653
365 1654
366 1654
367 1654
368 1654
369 1654
370 1654
371 1654
372 1654
373 1654
374 1654
375 1654
376 1654
377 1654
378 1654
379 1654
380 1654
381 1654
382 1654
383 1654
384 1654
385 1654
386 1664
387 1664
388 1664
389 1664
390 1664
391 1664
392 1664
393 1664
394 1664
395 1664
396 1664
397 1664
398 1776
399 1710
400 1710
401 1710
402 1924
403 1987
404 2031
405 2031
406 2031
