1 2389
2 2389
3 2389
4 2389
5 2389
6 2389
7 2389
8 2389
9 2389
10 2389
11 2388
12 2477
13 2477
14 2572
15 2572
16 2572
17 2572
18 2572
19 2572
20 2572
21 2572
22 2572
23 2572
24 2572
25 2572
26 2572
27 2572
28 2572
29 2572
30 2572
31 2572
32 2572
33 2572
34 2572
35 2572
36 2572
37 2572
38 2572
39 2572
40 2572
41 2572
42 2572
43 2572
44 2572
45 2572
46 2572
47 2572
48 2572
49 2572
50 2572
51 2572
52 2572
53 2572
54 2572
55 2572
56 2572
57 2574
58 2574
59 2574
60 2574
61 2574
62 2574
63 2574
64 2574
65 2574
66 2574
67 2574
68 2574
69 2574
70 2574
71 2574
72 2574
73 2574
74 2574
75 2574
76 2574
77 2574
78 2574
79 2574
80 2584
81 2584
82 2584
83 2584
84 2584
85 2584
86 2584
87 2584
88 2584
89 2584
90 2584
91 2584
92 2584
93 2584
94 2584
95 2584
96 2584
97 2584
98 2584
99 2584
100 2584
101 2584
102 2584
103 2584
104 2584
105 2584
106 2584
107 2584
108 2584
109 2584
110 2584
111 2584
112 2584
113 2584
114 2584
115 2584
116 2584
117 2584
118 2584
119 2584
120 2584
121 2584
122 2584
123 2584
124 2584
125 2584
126 2584
127 2584
128 2584
129 2584
130 2584
131 2584
132 2584
133 2584
134 2584
135 2584
136 2584
137 2584
138 2584
139 2584
140 2584
141 2584
142 2584
143 2584
144 2584
145 2584
146 2584
147 2584
148 2584
149 2584
150 2584
151 2584
152 2584
153 2584
154 2584
155 2584
156 2584
157 2584
158 2584
159 2584
160 2584
161 2584
162 2584
163 2584
164 2584
165 2584
166 2584
167 2584
168 2584
169 2611
170 2611
171 2618
172 2618
173 2618
174 2618
175 2651
176 2651
177 2651
178 2651
179 2651
180 2660
181 2660
182 2723
183 2723
184 2749
185 2749
186 2749
187 2774
188 2774
189 2774
190 2774
191 2774
192 2774
193 2774
194 2774
195 2774
196 2774
197 2774
198 2774
199 2774
200 2774
201 2774
202 2774
203 2774
204 2801
205 2801
206 2801
207 2801
208 2801
209 2801
210 2801
211 2801
212 2801
213 2801
214 2801
215 2819
216 2819
217 2835
218 2835
219 2837
220 2837
221 2837
222 2837
223 2837
224 2837
225 2837
226 2845
227 2845
228 2845
229 2845
230 2845
231 2861
232 2861
233 2861
234 2861
235 2861
236 2861
237 2861
238 2861
239 2868
240 2868
241 2868
242 2868
243 2868
244 2868
245 2868
246 2868
247 2868
248 2868
249 2868
250 2868
251 2868
252 2868
253 2868
254 2868
255 2876
256 2876
257 2876
258 2876
259 2876
260 2876
261 2876
262 2876
263 2880
264 2883
265 2883
266 2917
267 2917
268 2917
269 2917
270 2917
271 2917
272 2917
273 2917
274 2931
275 2931
276 2931
277 2931
278 2931
279 2935
280 2935
281 2935
282 2935
283 2935
284 2935
285 2935
286 2935
287 2935
288 2935
289 2935
290 2935
291 2935
292 2935
293 2935
294 2935
295 2935
296 2935
297 2935
298 2935
299 2935
300 2942
301 2942
302 2942
303 2942
304 2942
305 2942
306 2942
307 2942
308 2942
309 2942
310 2942
311 2942
312 2942
313 2942
314 2942
315 2942
316 2942
317 2944
318 2944
319 2944
320 2944
321 2944
322 2944
323 2944
324 2944
325 2944
326 2944
327 2944
328 2944
329 2944
330 2944
331 2944
332 2944
333 2944
334 2944
335 2944
336 2944
337 2944
338 2944
339 2944
340 2944
341 2944
342 2944
343 2944
344 2944
345 2944
346 2944
347 2944
348 2944
349 2944
350 2944
351 2944
352 2944
353 3020
354 3020
355 3020
356 3020
357 3020
358 3020
359 3020
360 3020
361 3020
362 3020
363 3020
364 3020
365 3020
366 3020
367 3020
368 3020
369 3020
370 3020
371 3020
372 3020
373 3020
374 3020
375 3027
376 3036
377 3036
378 3036
379 3036
380 3036
381 3036
382 3036
383 3036
384 3036
385 3036
386 3036
387 3036
388 3037
389 3070
390 3070
391 3090
392 3090
393 3090
394 3090
395 3090
396 3090
397 3090
